A = [13.7121 +(71.6072i);71.536 +(12.6837i);88.9185 +(35.2836i);18.0455 +(10.4706i);84.1711 +(58.6874i);18.0881 +(86.5283i);10.5152 +(34.1021i);80.2122 +(60.0101i);54.6302 +(45.7677i);64.6402 +(60.3728i);32.112 +(32.9207i);42.379 +(9.54968i);25.0892 +(32.8479i);11.1923 +(34.2174i);53.7088 +(31.7393i);4.54581 +(59.0892i);];
B = [13.7121 +(71.6072i);54.6302 +(45.7677i);84.1711 +(58.6874i);25.0892 +(32.8479i);88.9185 +(35.2836i);32.112 +(32.9207i);10.5152 +(34.1021i);53.7088 +(31.7393i);71.536 +(12.6837i);64.6402 +(60.3728i);18.0881 +(86.5283i);11.1923 +(34.2174i);18.0455 +(10.4706i);42.379 +(9.54968i);80.2122 +(60.0101i);4.54581 +(59.0892i);];
